0.0 0.0 0.0 0.0 0.0 0.0 0.0 0.0 0.008234219128191314 0.0 0.0 0.01674919026346578 0.5187937934151675 0.024923869379349102 0.0 0.0062309673448372755 0.0 0.01674919026346578 0.0 0.0 0.0 0.0 0.0 0.0 0.0 0.0 0.0 0.0 0.007508613113114155 
0.0 0.0 0.0 0.0 0.0 0.0 0.0 0.0 0.03560088858365069 0.0 0.0 0.008867218374776002 0.005086213660933015 0.12205365446063604 0.02627008520558819 0.06597494835710056 0.005903680415237436 0.008867218374776002 0.0 0.0 0.0 0.0 0.0 1.252762968495368 0.19027569662429872 0.026389979342840226 0.17886573234989553 0.1600257018043755 0.08745325861156487 
0.10015208027525967 0.0 0.0 0.0 0.0 0.0 0.0 0.4690881043287327 0.07410797215372183 0.0 0.0 0.19153191689516164 0.006103456393119618 0.027709478309982237 0.0 0.031667975211408274 0.014168832996569847 0.19153191689516164 0.03877455136475681 0.0 0.0 0.0 0.0 0.0 0.032618690849879776 0.03958496901426034 0.009332125166081505 0.017457349287750053 0.05247195516693893 
0.0 0.0 0.0 0.0 0.0 0.0 0.0 0.0 0.004631748259607615 0.0 0.0 0.0 0.03242461208844797 0.3364722366212129 0.0 0.06308854436647741 0.0 0.0 0.0 0.0 0.0 0.0 0.0 0.7438280125441248 0.5631820842049555 0.03154427218323871 0.644499894282504 0.02318554202279304 0.05068313851352055 
0.0 0.0 0.0 0.0 0.0 0.0 0.0 0.0 0.07410797215372183 0.0 1.655291326771653 0.8039611326463575 0.46115003859125997 0.0 0.0 0.0 0.0 0.8039611326463575 0.0 0.0 0.0 0.0 0.0 0.0 0.0 0.03738580406902365 0.0 0.0 0.0 
0.02564134585360564 0.0 0.0 0.0 0.0 0.0 0.0 0.028258319537875463 0.007142937075057526 0.0 0.0 0.08717650835924359 0.03125263815754021 0.0 0.45197206835638476 0.11350870633004771 0.6021754023542185 0.08717650835924359 0.03970887790366662 0.0 0.0 0.0 0.0 0.0 0.0 0.07296988264074497 0.0 0.0 0.10258755747315002 
0.0 0.0 0.0 0.0 0.0 0.0 0.0 0.0 0.019213177965779735 0.019017840011693196 0.0 0.03349838052693156 0.0 0.3364722366212129 0.016540424018333305 0.02907784760924062 0.0 0.03349838052693156 0.027126229349829868 0.0 0.0 0.046144069361523064 0.0 0.788776683867454 0.4535407477737914 0.049847738758698204 0.3231680381587484 0.3847082528226401 0.10512058358359817 
0.0 0.0 0.0 0.0 0.0 0.0 0.0 0.2931800652054579 0.07410797215372183 0.0 0.6650724080778962 0.0 0.0 0.0 0.0 0.021029514788825806 0.0 0.0 0.0 0.0 0.0 0.0 0.0 0.0 0.0 0.10514757394412903 0.0 0.0 0.0 
0.0 0.0 0.0 0.0 0.0 0.0 0.0 0.0 0.0024980215332715224 0.0 0.0 0.020324860094992184 0.5187937934151675 0.1739069987030988 0.0 0.003780586928328235 0.006766015756788972 0.020324860094992184 0.0 0.0 0.0 0.0 0.0 0.0 0.0 0.01512234771331294 0.0 0.0 0.21412202338296318 
0.0 0.0 0.0 0.0 0.0 0.0 0.0 0.0 0.07410797215372183 0.11849577238054994 0.0 0.0 0.0 0.0 0.0 0.0 0.0 0.0 0.0 0.0 0.0 0.0 0.0 0.0 0.0 0.0 0.0 0.0 0.0 
0.0 0.0 0.0 0.0 0.0 0.0 0.0 0.0 0.0076852711863118935 0.0 0.0 0.0 0.5187937934151675 0.039878191006958566 0.02977276323299995 0.0024923869379349104 0.04460558535957174 0.0 0.08137868804948961 0.0 0.0 0.0 0.0 0.0 0.03594096491792309 0.007477160813804731 0.005875782511977244 0.021983328732722292 0.1892170504504767 
0.0 0.0 0.0 0.0 0.0 0.0 0.0 0.0 0.004859539157621104 0.0 0.0 0.007413576018255347 0.5187937934151675 0.19305784068430248 0.0 0.0027579691526328927 0.009871727907446205 0.007413576018255347 0.00900501875957467 0.0 0.0 0.0 0.0 0.0 0.0 0.013789845763164462 0.0 0.0 0.21270300753215182 
0.0 0.0 0.0 0.0 0.0 0.0 0.0 0.0 0.03560088858365069 0.0 0.0 0.008867218374776002 0.005086213660933015 0.12205365446063604 0.02627008520558819 0.06597494835710056 0.005903680415237436 0.008867218374776002 0.0 0.0 0.0 0.0 0.0 1.252762968495368 0.19027569662429872 0.026389979342840226 0.17886573234989553 0.1600257018043755 0.08745325861156487 
0.0 0.0 0.0 0.0 0.0 0.0 0.0 0.0 0.0 0.0 0.0 0.0 0.5187937934151675 0.0 0.0 0.0 0.0 0.0 0.3662040962227032 0.0 0.0 0.0 0.0 0.0 0.0 0.11215741220707096 0.0 0.0 0.0 
0.0 0.0 0.0 0.0 0.0 0.0 0.0 0.0 0.01261412291978244 0.0 0.0 0.0 0.0 0.32931325286331475 0.0 0.0 0.012812242603281244 0.0 0.0 0.0 0.0 0.0 0.0 0.0 0.0 0.0 0.0 0.7419373447293773 0.0 
0.0 0.0 0.0 0.0 0.0 0.0 0.0 0.0 0.014251533106484969 0.0 0.0 0.034786779777967396 0.019953607439044906 0.3364722366212129 0.0 0.012941239870046651 0.0 0.034786779777967396 0.0 0.0 0.0 0.0 0.0 0.6745646753436597 0.4265521111138125 0.0 0.6406862854405957 0.599257086127574 0.06237924740125606 
0.02564134585360564 0.0 0.0 0.0 0.0 0.0 0.0 0.028258319537875463 0.007142937075057526 0.0 0.0 0.08717650835924359 0.03125263815754021 0.0 0.45197206835638476 0.11350870633004771 0.6021754023542185 0.08717650835924359 0.03970887790366662 0.0 0.0 0.0 0.0 0.0 0.0 0.07296988264074497 0.0 0.0 0.10258755747315002 
0.0 0.0 0.0 0.0 0.0 0.0 0.0 0.0 0.0 0.0 0.0 0.0 0.5187937934151675 0.13458889464848517 0.0 0.022431482441414193 0.08029005364722913 0.0 0.0 0.0 0.0 0.0 0.0 0.0 0.0 0.06729444732424258 0.0 0.0 0.0 
0.0 0.0 0.0 0.0 0.0 0.0 0.0 0.0 0.0010740285819379977 0.0 0.0 0.0 0.5187937934151675 0.05851691071673268 0.0 0.00975281845278878 0.0 0.0 0.0 0.0 0.0 0.0 0.0 0.0 0.0 0.048764092263943896 0.011496096219085912 0.0 0.005876305914611078 
0.0 0.0 0.0 0.0 0.0 0.0 0.0 0.0 0.029643188861488735 0.0 0.0 0.0 0.0 0.0 1.0718194763879982 0.3364722366212129 0.3613052414125311 0.0 0.0 0.0 0.0 0.0 0.0 0.0 0.0 0.0 0.0 0.0 0.0 
0.0 0.0 0.0 0.0 0.4397258374451022 0.0 0.0 0.6898354475422539 0.07410797215372183 0.8155297275602554 0.0 0.0 0.0 0.01979248450713017 0.0 0.03958496901426034 0.0 0.0 0.0 0.0 0.0 0.0 0.0 0.0 0.0 0.05937745352139052 0.046660625830407525 0.043643373219375135 0.0 
0.0 0.0 0.0 0.0 0.0 0.0 0.0 0.0 0.032607507747637605 0.0 0.0 0.18089125484543045 0.0207517517366067 0.3364722366212129 0.0 0.13458889464848517 0.0 0.18089125484543045 0.0 0.0 0.0 0.0 0.0 0.15033155621944416 0.1940812105567847 0.040376668394545547 0.1586461278233856 0.17806496273505054 0.11353023027028604 
0.0 0.0 0.0 0.0 0.0 0.0 0.0 0.6282429968688383 0.07410797215372183 0.5501589431954104 0.0 0.0 0.0 0.02403373118722949 0.047849083767321346 0.07210119356168847 0.0 0.0 0.0 0.0 0.0 0.0 0.0 0.0 0.47034987252282 0.036050596780844234 0.028329665682747425 0.026497762311763474 0.08688538030889237 
0.0 0.0 0.07786811704757017 0.0 0.0 0.0 0.0 0.24431672100454827 0.07410797215372183 0.28883344517759046 0.0 0.0 0.0 0.007009838262941935 0.0 0.01401967652588387 0.0 0.0 0.0 0.0 0.0 0.0 0.0 0.0 0.08664339756999316 0.021029514788825806 0.016525638314935996 0.0 0.025341569256760274 
0.0 0.0 0.0 0.0 0.0 0.0 0.0 0.42755426175795946 0.07410797215372183 0.03209260501973227 0.17735264215410565 0.2355354880799876 0.0 0.007009838262941935 0.0 0.04205902957765161 0.0 0.2355354880799876 0.0 0.0 0.0 0.0 0.0 0.0 0.0 0.052573786972064517 0.008262819157467998 0.0 0.004223594876126712 
0.0 0.0 0.0 0.0 0.0 0.0 0.0 0.2931800652054579 0.07410797215372183 0.38511126023678727 0.0 0.0 0.0 0.0 0.0 0.0 0.0 0.0 0.0 0.0 0.0 0.0 0.0 0.0 0.0 0.04205902957765161 0.0 0.0 0.0 
0.0 0.0 0.0 0.0 0.0 0.0 0.0 0.8599948579360098 0.07410797215372183 0.8215706885051461 0.0 0.0 0.0 0.0 0.0 0.0 0.040145026823614566 0.0 0.0 0.0 0.0 0.0 0.0 0.0 0.0 0.022431482441414193 0.0 0.0 0.0 
0.0 0.0 0.0 0.0 0.0 0.0 0.0 0.18149242131766444 0.05999216793396529 0.055015894319541035 0.0 0.9044562742271522 0.012352233176551607 0.0 0.015949694589107114 0.04005621864538249 0.007168754789931172 0.9044562742271522 0.039236153166718205 0.0 0.0 0.0 0.0 0.0 0.0 0.02403373118722949 0.0 0.0 0.004826965572716242 
0.08960975603575864 0.0 0.0 0.0 0.0 0.0 0.0 0.0 0.005460587421853187 0.0 0.0 0.0 0.5187937934151675 0.07083626034130798 0.0 0.003541813017065399 0.019016065337501636 0.0 0.011564339880716945 0.0 0.0 0.0 0.0 0.0 0.021888858333471956 0.0 0.0 0.0 0.07682496785207325 
0.0 0.0 0.0 0.0 0.0 0.0 0.0 0.0 0.01778591331689324 0.0 0.0 0.0 0.5187937934151675 0.08748278152151535 0.0 0.03364722366212129 0.03613052414125311 0.0 0.0 0.0 0.0 0.0 0.0 0.0 0.013862943611198907 0.0 0.0 0.0 0.008109302162163289 
0.0 0.0 0.0 0.0 0.0 0.0 0.0 0.0 0.0038004088283959915 0.0 0.0 0.0 0.5187937934151675 0.008627493246697766 0.0 0.0 0.0 0.0 0.0 0.0 0.0 0.0 0.0 0.0 0.035546009259484375 0.0 0.0 0.019024034480240443 0.0935688711018841 
0.0 0.0 0.0 0.0 0.0 0.0 0.0 0.0 0.0024980215332715224 0.0 0.0 0.020324860094992184 0.5187937934151675 0.1739069987030988 0.0 0.003780586928328235 0.006766015756788972 0.020324860094992184 0.0 0.0 0.0 0.0 0.0 0.0 0.0 0.01512234771331294 0.0 0.0 0.21412202338296318 
0.0 0.0 0.0 0.0 0.0 0.0 0.0 0.0 0.004491392251740717 0.0 0.0 0.0 0.0 0.3364722366212129 0.0 0.0 0.10948643679167609 0.0 0.0 0.0 0.0 0.0 0.0 0.15185005678731733 0.35707582028845664 0.2650993379439859 0.40863396560569015 0.13489769904170498 0.0982945716625853 
0.0 0.0 0.0 0.0 0.0 0.0 0.0 0.0 0.07410797215372183 0.0 0.0 0.0 0.057643754823907496 0.09969547751739641 0.0 0.19939095503479282 0.0669083780393576 0.0 0.0 0.0 0.0 0.0 0.0 0.23199314231395704 0.2823932957836814 0.0 0.029378912559886217 0.054958321831805726 0.3303789769770228 
0.0 0.0 0.0 0.0 0.0 0.0 0.0 0.0 0.010586853164817405 0.0 0.0 0.0 0.0 0.0 0.8612835078117843 0.3364722366212129 0.38711275865628336 0.0 0.07847230633343641 0.0 0.0 0.0 0.0 0.0 0.049510512897138946 0.02403373118722949 0.0 0.0 0.17377076061778474 
0.0 0.0 0.0 0.0 0.0 0.0 0.0 0.0 0.013474176755222151 0.0 0.0 0.0 0.0 0.0 0.9743813421709074 0.3364722366212129 0.32845931037502824 0.0 0.0 0.0 0.0 0.0 0.0 0.0 0.0 0.03058838514738299 0.0 0.0 0.14744185749387798 
0.0 0.0 0.0 0.0 0.0 0.0 0.0 0.023771356638280373 0.07410797215372183 0.0 1.207915292509044 0.4216721819031994 0.22434326201736976 0.0022734610582514385 0.0 0.022734610582514386 0.0 0.4216721819031994 0.014846112009028512 0.0 0.0 0.0 0.0 0.00846461465199573 0.009366853791350613 0.027281532699017265 0.0 0.015039270501271164 0.0 
0.0 0.0 0.0 0.0 0.0 0.0 0.0 0.0 0.06995238493014865 0.0 2.128231705849268 0.0 0.0 0.03773520410705191 0.0 0.0 0.011255614997275112 0.0 0.0 0.0 0.0 0.0 0.0 0.0 0.0 0.0 0.0 0.006933993875975489 0.0 
0.0 0.0 0.0 0.0 0.0 0.0 0.0 0.0 0.027790489557645688 0.0 0.0 0.0 0.06484922417689594 0.1822557948364903 0.0 0.0 0.025090641764759104 0.0 0.1831020481113516 0.0 0.0 0.0 0.0 0.36538919914448237 0.37545472280330366 0.0 0.7932306391169279 0.6491951766382051 0.05068313851352055 
0.0 0.0 0.0 0.0 0.0 0.0 0.0 0.0 0.0 0.0 0.0 0.0 0.0 0.2803935305176774 0.0 0.0 0.0 0.0 0.0 0.0 0.0 0.0 0.0 1.0439691404128069 0.5776226504666211 0.03738580406902365 0.04406836883982933 0.7419373447293773 0.0 
0.28376422744656904 0.0 0.0 0.0 0.0 0.0 0.0 0.5081787796894605 0.07410797215372183 0.0 0.0 0.21103979731966885 0.01729312644717225 0.07851018854494968 0.0 0.06729444732424258 0.040145026823614566 0.21103979731966885 0.036620409622270325 0.0 0.0 0.0 0.0 0.0 0.023104906018664842 0.022431482441414193 0.026441021303897597 0.04946248964862515 0.06757751801802739 
0.0 0.0 0.0 0.0 0.0 0.0 0.0 0.0 0.017101839727781964 0.0 0.0 0.0 0.0 0.2847072771410263 0.0 0.0 0.0 0.0 0.08450863758985461 0.0 0.0 0.0 0.0 1.252762968495368 0.6931471805599453 0.0 0.48814193176426335 0.342432620644328 0.0 
